{
 "cells": [
  {
   "cell_type": "code",
   "execution_count": 15,
   "metadata": {},
   "outputs": [],
   "source": [
    "import time\n",
    "\n",
    "from AntColonyOptimization import AntColonyOptimization\n",
    "from GeneticAlgorithm import GeneticAlgorithm\n",
    "from Maze import Maze\n",
    "from PathSpecification import PathSpecification\n",
    "from TSPData import TSPData"
   ]
  },
  {
   "cell_type": "markdown",
   "metadata": {},
   "source": [
    "### Part 1: The Travelling Robot Problem"
   ]
  },
  {
   "cell_type": "code",
   "execution_count": 16,
   "metadata": {},
   "outputs": [
    {
     "name": "stdout",
     "output_type": "stream",
     "text": [
      "[0, 69, 698, 240, 132, 527, 156, 459, 374, 409, 599, 428, 483, 167, 425, 221, 691, 465]\n",
      "[69, 0, 647, 189, 81, 476, 105, 408, 323, 358, 548, 377, 432, 116, 374, 170, 640, 414]\n",
      "[698, 647, 0, 472, 568, 185, 596, 345, 324, 289, 105, 270, 237, 531, 283, 491, 183, 351]\n",
      "[240, 189, 472, 0, 110, 301, 138, 233, 148, 183, 373, 202, 257, 73, 199, 19, 465, 239]\n",
      "[132, 81, 568, 110, 0, 397, 36, 329, 244, 279, 469, 298, 353, 37, 295, 91, 561, 335]\n",
      "[527, 476, 185, 301, 397, 0, 425, 174, 153, 118, 86, 99, 66, 360, 112, 320, 178, 180]\n",
      "[156, 105, 596, 138, 36, 425, 0, 357, 272, 307, 497, 326, 381, 65, 323, 119, 589, 363]\n",
      "[459, 408, 345, 233, 329, 174, 357, 0, 85, 56, 246, 75, 130, 292, 72, 252, 338, 26]\n",
      "[374, 323, 324, 148, 244, 153, 272, 85, 0, 35, 225, 54, 109, 207, 51, 167, 317, 91]\n",
      "[409, 358, 289, 183, 279, 118, 307, 56, 35, 0, 190, 19, 74, 242, 16, 202, 282, 62]\n",
      "[599, 548, 105, 373, 469, 86, 497, 246, 225, 190, 0, 171, 138, 432, 184, 392, 98, 252]\n",
      "[428, 377, 270, 202, 298, 99, 326, 75, 54, 19, 171, 0, 55, 261, 13, 221, 263, 81]\n",
      "[483, 432, 237, 257, 353, 66, 381, 130, 109, 74, 138, 55, 0, 316, 68, 276, 230, 136]\n",
      "[167, 116, 531, 73, 37, 360, 65, 292, 207, 242, 432, 261, 316, 0, 258, 54, 524, 298]\n",
      "[425, 374, 283, 199, 295, 112, 323, 72, 51, 16, 184, 13, 68, 258, 0, 218, 276, 78]\n",
      "[221, 170, 491, 19, 91, 320, 119, 252, 167, 202, 392, 221, 276, 54, 218, 0, 484, 258]\n",
      "[691, 640, 183, 465, 561, 178, 589, 338, 317, 282, 98, 263, 230, 524, 276, 484, 0, 344]\n",
      "[465, 414, 351, 239, 335, 180, 363, 26, 91, 62, 252, 81, 136, 298, 78, 258, 344, 0]\n",
      "([4, 13, 6, 8, 5, 9, 11, 17, 12, 7, 10, 2, 16, 3, 14, 1, 0, 15], 2964)\n"
     ]
    }
   ],
   "source": [
    "# Please keep your parameters for the Genetic Algorithm easily changeable here\n",
    "population_size = 20\n",
    "generations = 20\n",
    "persist_file = \"./../data/optimal_tsp\"\n",
    "\n",
    "# Setup optimization\n",
    "tsp_data = TSPData.read_from_file(persist_file)\n",
    "ga = GeneticAlgorithm(generations, population_size)\n",
    "\n",
    "# Run optimzation and write to file\n",
    "solution = ga.solve_tsp(tsp_data)\n",
    "print(solution)\n",
    "tsp_data.write_action_file(solution[0], \"./../data/tsp_solution.txt\")"
   ]
  },
  {
   "cell_type": "markdown",
   "metadata": {},
   "source": [
    "### Part 2: Path Finding Through Ant Colony Optimization"
   ]
  },
  {
   "cell_type": "code",
   "execution_count": 2,
   "metadata": {},
   "outputs": [
    {
     "name": "stdout",
     "output_type": "stream",
     "text": [
      "Ready reading maze file ./../data/easy_maze.txt\n",
      "Time taken: 0.531\n"
     ]
    },
    {
     "ename": "AttributeError",
     "evalue": "'NoneType' object has no attribute 'write_to_file'",
     "output_type": "error",
     "traceback": [
      "\u001b[0;31m---------------------------------------------------------------------------\u001b[0m",
      "\u001b[0;31mAttributeError\u001b[0m                            Traceback (most recent call last)",
      "Cell \u001b[0;32mIn[2], line 22\u001b[0m\n\u001b[1;32m     19\u001b[0m \u001b[39mprint\u001b[39m(\u001b[39m\"\u001b[39m\u001b[39mTime taken: \u001b[39m\u001b[39m\"\u001b[39m \u001b[39m+\u001b[39m \u001b[39mstr\u001b[39m((\u001b[39mint\u001b[39m(\u001b[39mround\u001b[39m(time\u001b[39m.\u001b[39mtime() \u001b[39m*\u001b[39m \u001b[39m1000\u001b[39m)) \u001b[39m-\u001b[39m start_time) \u001b[39m/\u001b[39m \u001b[39m1000.0\u001b[39m))\n\u001b[1;32m     21\u001b[0m \u001b[39m# Save solution\u001b[39;00m\n\u001b[0;32m---> 22\u001b[0m shortest_route\u001b[39m.\u001b[39;49mwrite_to_file(\u001b[39m\"\u001b[39m\u001b[39m./../data/easy_solution.txt\u001b[39m\u001b[39m\"\u001b[39m)\n\u001b[1;32m     24\u001b[0m \u001b[39m# Print route size\u001b[39;00m\n\u001b[1;32m     25\u001b[0m \u001b[39mprint\u001b[39m(\u001b[39m\"\u001b[39m\u001b[39mRoute size: \u001b[39m\u001b[39m\"\u001b[39m \u001b[39m+\u001b[39m \u001b[39mstr\u001b[39m(shortest_route\u001b[39m.\u001b[39msize()))\n",
      "\u001b[0;31mAttributeError\u001b[0m: 'NoneType' object has no attribute 'write_to_file'"
     ]
    }
   ],
   "source": [
    "# Please keep your parameters for the ACO easily changeable here\n",
    "gen = 1\n",
    "no_gen = 1\n",
    "q = 1600\n",
    "evap = 0.1\n",
    "\n",
    "# Construct the optimization objects\n",
    "maze = Maze.create_maze(\"./../data/easy_maze.txt\")\n",
    "spec = PathSpecification.read_coordinates(\"./../data/easy_coordinates.txt\")\n",
    "aco = AntColonyOptimization(maze, gen, no_gen, q, evap)\n",
    "\n",
    "# Save starting time\n",
    "start_time = int(round(time.time() * 1000))\n",
    "\n",
    "# Run optimization\n",
    "shortest_route = aco.find_shortest_route(spec)\n",
    "\n",
    "# Print time taken\n",
    "print(\"Time taken: \" + str((int(round(time.time() * 1000)) - start_time) / 1000.0))\n",
    "\n",
    "# Save solution\n",
    "shortest_route.write_to_file(\"./../data/easy_solution.txt\")\n",
    "\n",
    "# Print route size\n",
    "print(\"Route size: \" + str(shortest_route.size()))"
   ]
  },
  {
   "cell_type": "markdown",
   "metadata": {},
   "source": [
    "### Synthesis"
   ]
  },
  {
   "cell_type": "code",
   "execution_count": null,
   "metadata": {},
   "outputs": [],
   "source": [
    "# Please keep your parameters for the synthesis part easily changeable here\n",
    "gen = 1\n",
    "no_gen = 1\n",
    "q = 1000\n",
    "evap = 0.1\n",
    "\n",
    "persist_file = \"./../tmp/my_tsp\"\n",
    "tsp_path = \"./../data/tsp_products.txt\"\n",
    "coordinates = \"./../data/hard_coordinates.txt\"\n",
    "\n",
    "# Construct optimization\n",
    "maze = Maze.create_maze(\"./../data/hard_maze.txt\")\n",
    "tsp_data = TSPData.read_specification(coordinates, tsp_path)\n",
    "aco = AntColonyOptimization(maze, gen, no_gen, q, evap)\n",
    "\n",
    "# Run optimization and write to file\n",
    "tsp_data.calculate_routes(aco)\n",
    "tsp_data.write_to_file(persist_file)\n",
    "\n",
    "# Read from file and print\n",
    "tsp_data2 = TSPData.read_from_file(persist_file)\n",
    "print(tsp_data == tsp_data2)\n",
    "\n",
    "# Solve TSP using your own paths file\n",
    "ga = GeneticAlgorithm(generations, population_size)\n",
    "solution = ga.solve_tsp(tsp_data2)\n",
    "tsp_data2.write_action_file(solution, \"./../data/tsp_solution.txt\")"
   ]
  }
 ],
 "metadata": {
  "kernelspec": {
   "display_name": "Python 3",
   "language": "python",
   "name": "python3"
  },
  "language_info": {
   "codemirror_mode": {
    "name": "ipython",
    "version": 3
   },
   "file_extension": ".py",
   "mimetype": "text/x-python",
   "name": "python",
   "nbconvert_exporter": "python",
   "pygments_lexer": "ipython3",
   "version": "3.10.8"
  },
  "vscode": {
   "interpreter": {
    "hash": "b0fa6594d8f4cbf19f97940f81e996739fb7646882a419484c72d19e05852a7e"
   }
  }
 },
 "nbformat": 4,
 "nbformat_minor": 2
}
